# name: princessmoves_mod
# type: global matrix
# rows: 64
# columns: 24
2 3 4 9 17 25 10 19 0 0 0 0 0 0 0 0 0 0 0 0 0 0 0 0 
1 3 4 5 10 18 9 11 20 0 0 0 0 0 0 0 0 0 0 0 0 0 0 0 
1 2 4 5 6 11 19 17 10 12 21 0 0 0 0 0 0 0 0 0 0 0 0 0 
1 2 3 5 6 7 12 20 25 18 11 13 22 31 0 0 0 0 0 0 0 0 0 0 
2 3 4 6 7 8 13 21 19 12 14 23 32 0 0 0 0 0 0 0 0 0 0 0 
3 4 5 7 8 14 22 20 13 15 24 0 0 0 0 0 0 0 0 0 0 0 0 0 
4 5 6 8 15 23 31 21 14 16 0 0 0 0 0 0 0 0 0 0 0 0 0 0 
5 6 7 16 24 32 22 15 0 0 0 0 0 0 0 0 0 0 0 0 0 0 0 0 
10 11 12 1 17 25 33 18 2 0 0 0 0 0 0 0 0 0 0 0 0 0 0 0 
9 11 12 13 2 18 1 17 19 3 0 0 0 0 0 0 0 0 0 0 0 0 0 0 
9 10 12 13 14 3 19 25 2 18 20 4 0 0 0 0 0 0 0 0 0 0 0 0 
9 10 11 13 14 15 4 20 33 3 19 21 5 39 0 0 0 0 0 0 0 0 0 0 
10 11 12 14 15 16 5 21 4 20 22 6 31 40 0 0 0 0 0 0 0 0 0 0 
11 12 13 15 16 6 22 5 21 23 7 32 0 0 0 0 0 0 0 0 0 0 0 0 
12 13 14 16 7 23 31 39 6 22 24 8 0 0 0 0 0 0 0 0 0 0 0 0 
13 14 15 8 24 32 40 7 23 0 0 0 0 0 0 0 0 0 0 0 0 0 0 0 
18 19 20 1 9 25 33 41 10 3 44 0 0 0 0 0 0 0 0 0 0 0 0 0 
17 19 20 21 2 10 42 9 25 11 4 45 0 0 0 0 0 0 0 0 0 0 0 0 
17 18 20 21 22 3 11 43 1 33 10 12 5 46 0 0 0 0 0 0 0 0 0 0 
17 18 19 21 22 23 4 12 44 41 2 11 13 6 47 0 0 0 0 0 0 0 0 0 
18 19 20 22 23 24 5 13 45 42 3 12 14 39 7 48 0 0 0 0 0 0 0 0 
19 20 21 23 24 6 14 46 43 4 13 31 15 40 8 0 0 0 0 0 0 0 0 0 
20 21 22 24 7 15 31 39 47 44 5 14 32 16 0 0 0 0 0 0 0 0 0 0 
21 22 23 8 16 32 40 48 45 6 15 31 0 0 0 0 0 0 0 0 0 0 0 0 
1 9 17 33 41 49 18 43 11 52 4 0 0 0 0 0 0 0 0 0 0 0 0 0 
0 0 0 0 0 0 0 0 0 0 0 0 0 0 0 0 0 0 0 0 0 0 0 0 
0 0 0 0 0 0 0 0 0 0 0 0 0 0 0 0 0 0 0 0 0 0 0 0 
0 0 0 0 0 0 0 0 0 0 0 0 0 0 0 0 0 0 0 0 0 0 0 0 
0 0 0 0 0 0 0 0 0 0 0 0 0 0 0 0 0 0 0 0 0 0 0 0 
0 0 0 0 0 0 0 0 0 0 0 0 0 0 0 0 0 0 0 0 0 0 0 0 
32 7 15 23 39 47 55 4 52 13 45 22 40 24 0 0 0 0 0 0 0 0 0 0 
31 8 16 24 40 48 56 5 53 14 46 23 39 0 0 0 0 0 0 0 0 0 0 0 
9 17 25 41 49 57 42 51 19 60 12 0 0 0 0 0 0 0 0 0 0 0 0 0 
0 0 0 0 0 0 0 0 0 0 0 0 0 0 0 0 0 0 0 0 0 0 0 0 
0 0 0 0 0 0 0 0 0 0 0 0 0 0 0 0 0 0 0 0 0 0 0 0 
0 0 0 0 0 0 0 0 0 0 0 0 0 0 0 0 0 0 0 0 0 0 0 0 
0 0 0 0 0 0 0 0 0 0 0 0 0 0 0 0 0 0 0 0 0 0 0 0 
0 0 0 0 0 0 0 0 0 0 0 0 0 0 0 0 0 0 0 0 0 0 0 0 
40 15 23 31 47 55 63 12 60 21 53 46 48 32 0 0 0 0 0 0 0 0 0 0 
39 16 24 32 48 56 64 13 61 22 54 31 47 0 0 0 0 0 0 0 0 0 0 0 
42 43 44 17 25 33 49 57 50 59 20 0 0 0 0 0 0 0 0 0 0 0 0 0 
41 43 44 45 18 50 58 33 49 51 60 21 0 0 0 0 0 0 0 0 0 0 0 0 
41 42 44 45 46 19 51 59 25 57 50 52 61 22 0 0 0 0 0 0 0 0 0 0 
41 42 43 45 46 47 20 52 60 17 58 51 53 62 23 0 0 0 0 0 0 0 0 0 
42 43 44 46 47 48 21 53 61 18 59 52 54 63 31 24 0 0 0 0 0 0 0 0 
43 44 45 47 48 22 54 62 19 60 53 55 39 64 32 0 0 0 0 0 0 0 0 0 
44 45 46 48 23 31 39 55 63 20 61 54 56 40 0 0 0 0 0 0 0 0 0 0 
45 46 47 24 32 40 56 64 21 62 39 55 0 0 0 0 0 0 0 0 0 0 0 0 
50 51 52 25 33 41 57 58 42 0 0 0 0 0 0 0 0 0 0 0 0 0 0 0 
49 51 52 53 42 58 41 57 59 43 0 0 0 0 0 0 0 0 0 0 0 0 0 0 
49 50 52 53 54 43 59 33 42 58 60 44 0 0 0 0 0 0 0 0 0 0 0 0 
49 50 51 53 54 55 44 60 25 43 59 61 45 31 0 0 0 0 0 0 0 0 0 0 
50 51 52 54 55 56 45 61 44 60 62 46 39 32 0 0 0 0 0 0 0 0 0 0 
51 52 53 55 56 46 62 45 61 63 47 40 0 0 0 0 0 0 0 0 0 0 0 0 
52 53 54 56 31 39 47 63 46 62 64 48 0 0 0 0 0 0 0 0 0 0 0 0 
53 54 55 32 40 48 64 47 63 0 0 0 0 0 0 0 0 0 0 0 0 0 0 0 
58 59 60 33 41 49 50 43 0 0 0 0 0 0 0 0 0 0 0 0 0 0 0 0 
57 59 60 61 42 50 49 51 44 0 0 0 0 0 0 0 0 0 0 0 0 0 0 0 
57 58 60 61 62 43 51 41 50 52 45 0 0 0 0 0 0 0 0 0 0 0 0 0 
57 58 59 61 62 63 44 52 33 42 51 53 46 39 0 0 0 0 0 0 0 0 0 0 
58 59 60 62 63 64 45 53 43 52 54 47 40 0 0 0 0 0 0 0 0 0 0 0 
59 60 61 63 64 46 54 44 53 55 48 0 0 0 0 0 0 0 0 0 0 0 0 0 
60 61 62 64 39 47 55 45 54 56 0 0 0 0 0 0 0 0 0 0 0 0 0 0 
61 62 63 40 48 56 46 55 0 0 0 0 0 0 0 0 0 0 0 0 0 0 0 0 
