# name: princessmoves
# type: global matrix
# rows: 64
# columns: 24
2 3 4 9 17 25 10 19 28 0 0 0 0 0 0 0 0 0 0 0 0 0 0 0 
1 3 4 5 10 18 26 9 11 20 29 0 0 0 0 0 0 0 0 0 0 0 0 0 
1 2 4 5 6 11 19 27 17 10 12 21 30 0 0 0 0 0 0 0 0 0 0 0 
1 2 3 5 6 7 12 20 28 25 18 11 13 22 31 0 0 0 0 0 0 0 0 0 
2 3 4 6 7 8 13 21 29 26 19 12 14 23 32 0 0 0 0 0 0 0 0 0 
3 4 5 7 8 14 22 30 27 20 13 15 24 0 0 0 0 0 0 0 0 0 0 0 
4 5 6 8 15 23 31 28 21 14 16 0 0 0 0 0 0 0 0 0 0 0 0 0 
5 6 7 16 24 32 29 22 15 0 0 0 0 0 0 0 0 0 0 0 0 0 0 0 
10 11 12 1 17 25 33 18 2 27 36 0 0 0 0 0 0 0 0 0 0 0 0 0 
9 11 12 13 2 18 26 34 1 17 19 3 28 37 0 0 0 0 0 0 0 0 0 0 
9 10 12 13 14 3 19 27 35 25 2 18 20 4 29 38 0 0 0 0 0 0 0 0 
9 10 11 13 14 15 4 20 28 36 33 26 3 19 21 5 30 39 0 0 0 0 0 0 
10 11 12 14 15 16 5 21 29 37 34 27 4 20 22 6 31 40 0 0 0 0 0 0 
11 12 13 15 16 6 22 30 38 35 28 5 21 23 7 32 0 0 0 0 0 0 0 0 
12 13 14 16 7 23 31 39 36 29 6 22 24 8 0 0 0 0 0 0 0 0 0 0 
13 14 15 8 24 32 40 37 30 7 23 0 0 0 0 0 0 0 0 0 0 0 0 0 
18 19 20 1 9 25 33 41 26 10 35 3 44 0 0 0 0 0 0 0 0 0 0 0 
17 19 20 21 2 10 26 34 42 9 25 27 11 36 4 45 0 0 0 0 0 0 0 0 
17 18 20 21 22 3 11 27 35 43 1 33 10 26 28 12 37 5 46 0 0 0 0 0 
17 18 19 21 22 23 4 12 28 36 44 41 2 34 11 27 29 13 38 6 47 0 0 0 
18 19 20 22 23 24 5 13 29 37 45 42 3 35 12 28 30 14 39 7 48 0 0 0 
19 20 21 23 24 6 14 30 38 46 43 4 36 13 29 31 15 40 8 0 0 0 0 0 
20 21 22 24 7 15 31 39 47 44 5 37 14 30 32 16 0 0 0 0 0 0 0 0 
21 22 23 8 16 32 40 48 45 6 38 15 31 0 0 0 0 0 0 0 0 0 0 0 
26 27 28 1 9 17 33 41 49 34 18 43 11 52 4 0 0 0 0 0 0 0 0 0 
25 27 28 29 2 10 18 34 42 50 17 33 35 19 44 12 53 5 0 0 0 0 0 0 
25 26 28 29 30 3 11 19 35 43 51 9 41 18 34 36 20 45 13 54 6 0 0 0 
25 26 27 29 30 31 4 12 20 36 44 52 1 49 10 42 19 35 37 21 46 14 55 7 
26 27 28 30 31 32 5 13 21 37 45 53 2 50 11 43 20 36 38 22 47 15 56 8 
27 28 29 31 32 6 14 22 38 46 54 3 51 12 44 21 37 39 23 48 16 0 0 0 
28 29 30 32 7 15 23 39 47 55 4 52 13 45 22 38 40 24 0 0 0 0 0 0 
29 30 31 8 16 24 40 48 56 5 53 14 46 23 39 0 0 0 0 0 0 0 0 0 
34 35 36 9 17 25 41 49 57 42 26 51 19 60 12 0 0 0 0 0 0 0 0 0 
33 35 36 37 10 18 26 42 50 58 25 41 43 27 52 20 61 13 0 0 0 0 0 0 
33 34 36 37 38 11 19 27 43 51 59 17 49 26 42 44 28 53 21 62 14 0 0 0 
33 34 35 37 38 39 12 20 28 44 52 60 9 57 18 50 27 43 45 29 54 22 63 15 
34 35 36 38 39 40 13 21 29 45 53 61 10 58 19 51 28 44 46 30 55 23 64 16 
35 36 37 39 40 14 22 30 46 54 62 11 59 20 52 29 45 47 31 56 24 0 0 0 
36 37 38 40 15 23 31 47 55 63 12 60 21 53 30 46 48 32 0 0 0 0 0 0 
37 38 39 16 24 32 48 56 64 13 61 22 54 31 47 0 0 0 0 0 0 0 0 0 
42 43 44 17 25 33 49 57 50 34 59 27 20 0 0 0 0 0 0 0 0 0 0 0 
41 43 44 45 18 26 34 50 58 33 49 51 35 60 28 21 0 0 0 0 0 0 0 0 
41 42 44 45 46 19 27 35 51 59 25 57 34 50 52 36 61 29 22 0 0 0 0 0 
41 42 43 45 46 47 20 28 36 52 60 17 26 58 35 51 53 37 62 30 23 0 0 0 
42 43 44 46 47 48 21 29 37 53 61 18 27 59 36 52 54 38 63 31 24 0 0 0 
43 44 45 47 48 22 30 38 54 62 19 28 60 37 53 55 39 64 32 0 0 0 0 0 
44 45 46 48 23 31 39 55 63 20 29 61 38 54 56 40 0 0 0 0 0 0 0 0 
45 46 47 24 32 40 56 64 21 30 62 39 55 0 0 0 0 0 0 0 0 0 0 0 
50 51 52 25 33 41 57 58 42 35 28 0 0 0 0 0 0 0 0 0 0 0 0 0 
49 51 52 53 26 34 42 58 41 57 59 43 36 29 0 0 0 0 0 0 0 0 0 0 
49 50 52 53 54 27 35 43 59 33 42 58 60 44 37 30 0 0 0 0 0 0 0 0 
49 50 51 53 54 55 28 36 44 60 25 34 43 59 61 45 38 31 0 0 0 0 0 0 
50 51 52 54 55 56 29 37 45 61 26 35 44 60 62 46 39 32 0 0 0 0 0 0 
51 52 53 55 56 30 38 46 62 27 36 45 61 63 47 40 0 0 0 0 0 0 0 0 
52 53 54 56 31 39 47 63 28 37 46 62 64 48 0 0 0 0 0 0 0 0 0 0 
53 54 55 32 40 48 64 29 38 47 63 0 0 0 0 0 0 0 0 0 0 0 0 0 
58 59 60 33 41 49 50 43 36 0 0 0 0 0 0 0 0 0 0 0 0 0 0 0 
57 59 60 61 34 42 50 49 51 44 37 0 0 0 0 0 0 0 0 0 0 0 0 0 
57 58 60 61 62 35 43 51 41 50 52 45 38 0 0 0 0 0 0 0 0 0 0 0 
57 58 59 61 62 63 36 44 52 33 42 51 53 46 39 0 0 0 0 0 0 0 0 0 
58 59 60 62 63 64 37 45 53 34 43 52 54 47 40 0 0 0 0 0 0 0 0 0 
59 60 61 63 64 38 46 54 35 44 53 55 48 0 0 0 0 0 0 0 0 0 0 0 
60 61 62 64 39 47 55 36 45 54 56 0 0 0 0 0 0 0 0 0 0 0 0 0 
61 62 63 40 48 56 37 46 55 0 0 0 0 0 0 0 0 0 0 0 0 0 0 0 
